ln  38;2;125;207;255
or  1;38;2;247;118;142
tw  1;4;38;2;122;162;247
ow  1;4;38;2;122;162;247
st  1;38;2;122;162;247
di  1;38;2;122;162;247
pi  38;2;255;158;100
so  38;2;255;158;100
bd  1;38;2;255;158;100
cd  1;38;2;255;158;100
su  1;38;2;247;118;142
sg  1;38;2;247;118;142
ex  1;38;2;187;154;247
fi  38;2;169;177;214

.git/           38;2;86;95;137
.github/        38;2;86;95;137
.cache/         38;2;86;95;137
node_modules/   38;2;86;95;137
__pycache__/    38;2;86;95;137
target/         38;2;86;95;137
build/          38;2;86;95;137
dist/           38;2;86;95;137
.venv/          38;2;86;95;137

*PKGBUILD        38;2;192;202;245
*Makefile        38;2;192;202;245
*makefile        38;2;192;202;245
*CMakeLists.txt  38;2;192;202;245
*Justfile        38;2;192;202;245
*justfile        38;2;192;202;245
*Dockerfile      38;2;192;202;245

*README.md       38;2;125;207;255
*README.txt      38;2;125;207;255
*README          38;2;125;207;255
*CHANGELOG.md    38;2;125;207;255
*CHANGELOG       38;2;125;207;255
*LICENSE         38;2;125;207;255
*COPYING         38;2;125;207;255

*.rs        38;2;192;202;245
*.go        38;2;192;202;245
*.c         38;2;192;202;245
*.h         38;2;192;202;245
*.cpp       38;2;192;202;245
*.cc        38;2;192;202;245
*.cxx       38;2;192;202;245
*.hpp       38;2;192;202;245
*.hh        38;2;192;202;245
*.py        38;2;192;202;245
*.pyi       38;2;192;202;245
*.lua       38;2;192;202;245
*.zig       38;2;192;202;245
*.hs        38;2;192;202;245
*.java      38;2;192;202;245
*.kt        38;2;192;202;245
*.rb        38;2;192;202;245
*.pl        38;2;192;202;245
*.js        38;2;192;202;245
*.mjs       38;2;192;202;245
*.cjs       38;2;192;202;245
*.ts        38;2;192;202;245
*.jsx       38;2;192;202;245
*.tsx       38;2;192;202;245
*.html      38;2;192;202;245
*.css       38;2;192;202;245
*.scss      38;2;192;202;245
*.sass      38;2;192;202;245
*.qml       38;2;192;202;245
*.vim       38;2;192;202;245
*.sql       38;2;192;202;245

*.sh        1;38;2;187;154;247
*.bash      1;38;2;187;154;247
*.zsh       1;38;2;187;154;247
*.fish      1;38;2;187;154;247

*.toml      38;2;125;207;255
*.ini       38;2;125;207;255
*.cfg       38;2;125;207;255
*.conf      38;2;125;207;255
*.rc        38;2;125;207;255
*.yml       38;2;125;207;255
*.yaml      38;2;125;207;255
*.json      38;2;125;207;255
*.jsonc     38;2;125;207;255
*.nix       38;2;125;207;255
*.desktop   38;2;125;207;255
*.service   38;2;125;207;255
*.timer     38;2;125;207;255
*.socket    38;2;125;207;255
*.md        38;2;125;207;255
*.markdown  38;2;125;207;255
*.txt       38;2;125;207;255
*.rst       38;2;125;207;255
*.org       38;2;125;207;255
*.csv       38;2;125;207;255
*.tsv       38;2;125;207;255
*.pdf       38;2;125;207;255
*.epub      38;2;125;207;255
*.tex       38;2;125;207;255
*.diff      38;2;125;207;255
*.patch     38;2;125;207;255

*.png       38;2;187;154;247
*.jpg       38;2;187;154;247
*.jpeg      38;2;187;154;247
*.gif       38;2;187;154;247
*.bmp       38;2;187;154;247
*.webp      38;2;187;154;247
*.tif       38;2;187;154;247
*.tiff      38;2;187;154;247
*.ico       38;2;187;154;247
*.avif      38;2;187;154;247
*.heic      38;2;187;154;247
*.xcf       38;2;187;154;247
*.svg       38;2;187;154;247
*.svgz      38;2;187;154;247
*.mp4       38;2;187;154;247
*.mkv       38;2;187;154;247
*.webm      38;2;187;154;247
*.mov       38;2;187;154;247
*.avi       38;2;187;154;247
*.m4v       38;2;187;154;247
*.mp3       38;2;187;154;247
*.flac      38;2;187;154;247
*.wav       38;2;187;154;247
*.ogg       38;2;187;154;247
*.opus      38;2;187;154;247
*.m4a       38;2;187;154;247
*.aac       38;2;187;154;247
*.ttf       38;2;187;154;247
*.otf       38;2;187;154;247
*.woff      38;2;187;154;247
*.woff2     38;2;187;154;247

*.tar       38;2;255;158;100
*.tgz       38;2;255;158;100
*.gz        38;2;255;158;100
*.bz2       38;2;255;158;100
*.xz        38;2;255;158;100
*.zst       38;2;255;158;100
*.lz4       38;2;255;158;100
*.zip       38;2;255;158;100
*.7z        38;2;255;158;100
*.rar       38;2;255;158;100
*.jar       38;2;255;158;100
*.deb       38;2;255;158;100
*.rpm       38;2;255;158;100
*.iso       38;2;255;158;100
*.img       38;2;255;158;100

*.pem       1;38;2;247;118;142
*.key       1;38;2;247;118;142
*.crt       1;38;2;247;118;142
*.pub       1;38;2;247;118;142
*.gpg       1;38;2;247;118;142
*.asc       1;38;2;247;118;142

*.o         38;2;86;95;137
*.a         38;2;86;95;137
*.so        38;2;86;95;137
*.exe       38;2;86;95;137
*.bin       38;2;86;95;137
*.pyc       38;2;86;95;137
*.lock      38;2;86;95;137
*.log       38;2;86;95;137
*.bak       38;2;86;95;137
*.tmp       38;2;86;95;137
*.swp       38;2;86;95;137
*.orig      38;2;86;95;137
*.rej       38;2;86;95;137
*.gitignore     38;2;86;95;137
*.gitattributes 38;2;86;95;137
*.gitmodules    38;2;86;95;137
*.DS_Store      38;2;86;95;137
